4.2
7.7
9.85
13.35
15.4
18.9
20.95
23.0
24.85
26.7
30.2
32.2
35.6
37.85
41.35
43.45
46.3
48.9
51.45
54.1
56.2
58.0
60
61.7
64.1
65.7
67.5
69.6
72.5
74.5
76.4
78.6
80.7
82.9
85.6
87.8
90.0
92.35
94.6
97.3
99.1
100.85
103.2
105.5
107.6
110.3
112.5
114.7
116.5
118.1
121.0
123.7
125.5
127.2
128.7
130.6
133.6
137.0
139.3
142.0
143.8
145.6
147.8
150.4
153.1
156.1
159.3
161.5
164.5
166.4
168.1
170.4
172.2
175.1
177.8
180.7
182.9
185.7
187.6
191.2
195.1
197.0
198.7
200.4
202.3
204.8
206.6
209.8
211.6
213.6
217.1
219.5
221.2
222.8
224.9
227.6
230.5
232.5
235.9
239.8
242.0
243.8
245.2
247.2
251.4
253.1
254.9
257.7
259.2
262.3
264.5
266.2
269.0
270.8
272.7